25688
45827
52071
22874
58157
22163
36343
15227
67104
89840
47888
69920
5937
19925
81814
49297
1040
57311
83434
45239
75892
43744
91045
23991
46821
62132
70199
64596
12382
68124
3472
12989
54530
33684
4828
23088
35526
74756
67201
11736
57080
50189
79707
47966
59658
96155
1803
20549
97337
25037
33175
90764
54293
99173
32989
67423
38151
88485
27971
74400
88086
17230
21891
57767
23162
42510
43061
87777
9703
85183
96804
28474
51956
74360
15933
56583
35117
5834 
23821
1604
36555
77964
80155
66885
93957
69131
63784
11528
66285
96843
85362
36279
25308
17704
12597
9874
11579
28270
6617
48271
21507
62720
49078
57233
38928
22942
97925
20800
10225
88723
12941
98535
53854
73662
6751
12769
43592
79652
67485
98468
89884
54018
40134
99356
76379
83825
89990
98475
22404
16598
15774
29078
98068
3108
21333
97340
22702
21491
39349
32271
43308
19727
68712
84380
15763
25676
81090
28422
98838
8926
48114
13791
24616
81706
34681
28288
37398
2123
98424
85752
33487
10178
50430
21617
56795
19123
25231
68786
68235
34818
69385
42473
4209
93627
55507
96654
16750
93787
18685
12066
4273
85169
13024
9615
9001
16160
53798
20508
41149
44220
97655
55613
85101
58666